image_width: 1280
image_height: 960
camera_name: daA1280_54uc
camera_matrix:
  rows: 3
  cols: 3
  data: [1009.317282091755, 0, 621.6260080892748, 0, 1008.605984502244, 477.2122978364481, 0, 0, 1]
distortion_model: plumb_bob
distortion_coefficients:
  rows: 1
  cols: 5
  data: [-0.4241147353897238, 0.1751692485286518, 0.0007746146697810475, -0.001547500547273079, 0]
rectification_matrix:
  rows: 3
  cols: 3
  data: [1, 0, 0, 0, 1, 0, 0, 0, 1]
projection_matrix:
  rows: 3
  cols: 4
  data: [810.4426879882812, 0, 608.4461320574519, 0, 0, 900.3865966796875, 476.8287705793919, 0, 0, 0, 1, 0]